NO STOP POST
no_stop_post_acc = [0.8395324123273114, 0.8586609989373007, 0.8459086078639745, 0.8565356004250797, 0.8299681190223167, 0.8310308182784272, 0.8554729011689692, 0.8469713071200851, 0.8565356004250797, 0.8361702127659575]
no_stop_post_mcc = [0.6652878396355509, 0.701428251931296, 0.6741037144300219, 0.703756321383412, 0.6403882127864383, 0.6490763623254142, 0.6990018094874902, 0.6796141296637821, 0.7003863491802537, 0.653356204101405]
no_stop_post_f1 = [0.7983978638184245, 0.8129395218002813, 0.794908062234795, 0.8235294117647058, 0.7752808988764046, 0.7899603698811096, 0.8191489361702129, 0.8059299191374663, 0.819277108433735, 0.7830985915492957]
no_stop_post_gm = [0.8335994589341714, 0.8421863877791741, 0.827241649334877, 0.8552077745416866, 0.8118500980124262, 0.8263894741939722, 0.8508033083193806, 0.8391234981462232, 0.8505920763847784, 0.8183064309221655]

STOP POST
stop_post_acc = [0.8395324123273114, 0.8618490967056323, 0.8490967056323061, 0.8650371944739639, 0.8533475026567482, 0.8533475026567482, 0.8554729011689692, 0.8544102019128587, 0.8565356004250797, 0.8553191489361702]
stop_post_mcc = [0.6624101094982413, 0.7097832107688722, 0.6853564577445197, 0.7191055650839879, 0.6919138918293164, 0.6899157157483149, 0.7026774756329096, 0.6959467159395759, 0.6994985880057775, 0.6939421011283402]
stop_post_f1 = [0.7934336525307798, 0.8228882833787465, 0.8106666666666666, 0.8313413014608234, 0.8119891008174387, 0.8028571428571428, 0.8233766233766234, 0.8165997322623828, 0.8178137651821863, 0.8062678062678064]
stop_post_gm = [0.8284476778753403, 0.8525855740411251, 0.8435581168455182, 0.8611258948499364, 0.8435861452912536, 0.8328447047142226, 0.8552934762605652, 0.8483514565797178, 0.8489476766873638, 0.8361299682765628]

NO STOP PRE
no_stop_pre_acc = [0.8629117959617428, 0.8873538788522848, 0.8788522848034006, 0.8671625929861849, 0.8490967056323061, 0.8703506907545164, 0.8310308182784272, 0.8788522848034006, 0.8767268862911796, 0.8638297872340426]
no_stop_pre_mcc = [0.7151448148898086, 0.7700111433223135, 0.7448024724795039, 0.722019845647984, 0.6823044774878737, 0.7278587313856549, 0.6513384881637356, 0.7471414182640426, 0.7419113822291578, 0.7169718656736307]
no_stop_pre_f1 = [0.8291390728476822, 0.86340206185567, 0.8425414364640884, 0.8317631224764469, 0.804945054945055, 0.8342391304347826, 0.7926988265971316, 0.8475935828877005, 0.8436657681940701, 0.830238726790451]
no_stop_pre_gm = [0.859812046242343, 0.8899856886138592, 0.8676824003674989, 0.8607139398836962, 0.837306930533268, 0.8621439512900476, 0.828946223749661, 0.8743601109564187, 0.8705280443454229, 0.8605659368266694]

STOP PRE
stop_pre_acc = [0.871413390010627, 0.8724760892667375, 0.8639744952178533, 0.8671625929861849, 0.8809776833156217, 0.8565356004250797, 0.8831030818278427, 0.871413390010627, 0.8831030818278427, 0.874468085106383]
stop_pre_mcc = [0.7315146361332885, 0.731457251362146, 0.7140446849013895, 0.7215102589204636, 0.7538669384446167, 0.6968416343033326, 0.7537854274096281, 0.7314637818649983, 0.7537854274096281, 0.7361483562307284]
stop_pre_f1 = [0.8380187416331994, 0.8347107438016529, 0.825136612021858, 0.8308525033829499, 0.8530183727034122, 0.8095909732016925, 0.8480662983425414, 0.8380187416331996, 0.8480662983425414, 0.8387978142076502]
stop_pre_gm = [0.8666769220453173, 0.8615129529054297, 0.8542589526364648, 0.8596144281328373, 0.8801011046009212, 0.8392671887434245, 0.872188685728897, 0.8662669906431177, 0.872188685728897, 0.8658337537551729]

p-value (no-stop-signal vs. stop-signal, post-padding): 0.017960477526078766 stats: 0.0 
p-value (no-stop-signal vs. stop-signal, pre-padding): 0.7668982177808703 stats: 20.0 
p-value (no stop post vs pre): 0.01953125 stats: 5.0
p-value ( stop post vs pre): 0.001953125 stats: 0.0
