RESULTS WITH PADDING "0" and STOP SIGNAL "-1"
NO STOP SIGNAL - POST
no_stop_post_acc = [0.8416578108395324, 0.8597236981934112, 0.8384697130712009, 0.8512221041445271, 0.8618490967056323, 0.8395324123273114, 0.8607863974495218, 0.8544102019128587, 0.8586609989373007, 0.8340425531914893]
no_stop_post_mcc = [0.6677165212191614, 0.7047120449957294, 0.6631873873537599, 0.6948454001049428, 0.7116400574315506, 0.6618121156009961, 0.7076611171280969, 0.6956335447427967, 0.7051444340013511, 0.6613536503198699]
no_stop_post_f1 = [0.7978290366350067, 0.8186813186813187, 0.7973333333333334, 0.8191214470284238, 0.8262032085561498, 0.7917241379310346, 0.8217687074829932, 0.8161073825503357, 0.8224299065420562, 0.8]
no_stop_post_gm = [0.8324715886434882, 0.8485827505562098, 0.8323562626847073, 0.8517809625440431, 0.8564592725044958, 0.8262292357952206, 0.8517476518985994, 0.8478078067985947, 0.8533672618213649, 0.8356222713462367]


STOP SIGNAL - POST
stop_post_acc = [0.8235919234856536, 0.8374070138150903, 0.822529224229543, 0.8352816153028693, 0.8416578108395324, 0.8278427205100957, 0.8459086078639745, 0.8459086078639745, 0.842720510095643, 0.8212765957446808]
stop_post_mcc = [0.6330660668306362, 0.6611568970713849, 0.6276042230670263, 0.6549794932756443, 0.6661054826476178, 0.643551695436794, 0.6856962270712521, 0.6775426253075248, 0.6671246152304583, 0.6239773129449581]
stop_post_f1 = [0.7798408488063661, 0.796271637816245, 0.7734056987788331, 0.7908232118758435, 0.7939142461964039, 0.7874015748031495, 0.8143405889884763, 0.8048452220726783, 0.7861271676300577, 0.7698630136986302]
stop_post_gm = [0.8181393609957339, 0.8315064857784429, 0.8118064114034129, 0.8264810250447784, 0.8278702090817565, 0.8243354967531505, 0.8478189620910841, 0.8382805813105282, 0.818613553861095, 0.8088269550085553]


NO STOP SIGNAL - PRE
no_stop_pre_acc = [0.8459086078639745, 0.8533475026567482, 0.8522848034006376, 0.8565356004250797, 0.8809776833156217, 0.8501594048884166, 0.8544102019128587, 0.8480340063761955, 0.8469713071200851, 0.8553191489361702]
no_stop_pre_mcc = [0.6751453651324311, 0.6997402754967543, 0.6908857914096626, 0.6997812354777544, 0.751579088368104, 0.6853358508908689, 0.6966122651902159, 0.6840560218835751, 0.6778229639863026, 0.6963698162226652]
no_stop_pre_f1 = [0.8, 0.8221649484536082, 0.8129205921938089, 0.8183041722745626, 0.8502673796791445, 0.8081632653061225, 0.8175765645805592, 0.8105960264900663, 0.8021978021978022, 0.8152173913043478]
no_stop_pre_gm = [0.8334035406912836, 0.8544637438720875, 0.8450143632677009, 0.849501730179355, 0.8765962882830265, 0.8405002259824671, 0.849421011210966, 0.843759900873484, 0.835050484110621, 0.846715686502594]

STOP SIGNAL - PRE
stop_pre_acc = [0.8342189160467588, 0.844845908607864, 0.8490967056323061, 0.8363443145589798, 0.8660998937300743, 0.8182784272051009, 0.8565356004250797, 0.8597236981934112, 0.8501594048884166, 0.8393617021276596]
stop_pre_mcc = [0.6569575560597132, 0.673562671983723, 0.6843677225981898, 0.6537293135187189, 0.7214906308939183, 0.6166711191352644, 0.6967508613149812, 0.7110243543888415, 0.6870674494582203, 0.6633318195320466]
stop_pre_f1 = [0.7952755905511811, 0.7999999999999999, 0.8091397849462366, 0.7824858757062148, 0.8328912466843501, 0.7634854771784233, 0.8079658605974395, 0.828125, 0.8112449799196787, 0.7956698240866036]
stop_pre_gm = [0.8314304333690565, 0.8333952783521551, 0.8419252538488915, 0.817335928231009, 0.8625003983501724, 0.8029594854723201, 0.8372786918867837, 0.8592705421819452, 0.8438691804091962, 0.830688072776539]

p-value (no-stop-signal vs. stop-signal, post-padding): 0.001953125 stats: 0.0
p-value (no-stop-signal vs. stop-signal, pre-padding): 0.064453125 stats: 9.0 
p-value (no stop post vs pre): 0.431640625 stats: 19.0
p-value ( stop post vs pre): 0.013671875 stats: 4.0
